58040.4394 0.456671473 0.1203813
58043.3739 0.429311192 0.1375683
58044.473 0.41997078 0.143395351
58044.473 0.41997078 0.143395351
58044.4999 0.419747693 0.143534247
58044.4999 0.419747693 0.143534247
58045.3971 0.412462659 0.148062767
58045.3971 0.412462659 0.148062767
58045.4084 0.412373319 0.148118214
58045.4084 0.412373319 0.148118214
58045.4197 0.412283379 0.148174032
58045.4197 0.412283379 0.148174032
58045.4311 0.412192932 0.148230163
58045.4311 0.412192932 0.148230163
58045.8607 0.408810086 0.150327913
58045.8632 0.408790409 0.150340106
58045.8635 0.408788423 0.150341336
58045.8642 0.408782556 0.150344971
58045.8649 0.408777321 0.150348215
58045.869 0.408745194 0.150368122
58045.9409 0.408185614 0.150714814
58045.9409 0.408185614 0.150714814
58045.9439 0.408162498 0.150729134
58045.9439 0.408162498 0.150729134
58046.1725 0.406394979 0.151823642
58046.1735 0.40638741 0.151828327
58046.1745 0.406379663 0.151833122
58046.1755 0.406372184 0.151837752
58047.2237 0.398488903 0.156708735
58047.2262 0.398470356 0.156720175
58047.2288 0.398451725 0.156731666
58047.3748 0.397382073 0.157391232
58047.378 0.397358152 0.157405978
58047.3813 0.39733415 0.157420775
58048.2971 0.390777071 0.161456749
58048.3012 0.390748305 0.161474427
58048.3051 0.390720601 0.161491453
58048.3714 0.390255922 0.161776991
58048.3726 0.39024774 0.161782018
58048.374 0.390237939 0.16178804
58048.4655 0.389598865 0.162180636
58048.4703 0.389565464 0.162201151
58048.4751 0.38953207 0.162221662
58049.1883 0.38463599 0.165225347
58049.1955 0.384587552 0.165255027
58049.2026 0.384539051 0.165284746
58049.3843 0.383316049 0.166033903
58049.3855 0.383307743 0.166038989
58049.3869 0.383298973 0.16604436
58050.2339 0.377717829 0.16945742
58050.2392 0.377684043 0.169478053
58050.2444 0.37765034 0.169498635
58050.2496 0.377616794 0.16951912
58051.0445 0.372558173 0.172604342
58051.0502 0.372522383 0.172626141
58051.0616 0.372451192 0.172669504
58051.1121 0.372135393 0.172861837
58051.1176 0.372101003 0.17288278
58051.1959 0.371613224 0.173179791
58051.2077 0.37153972 0.173224542
58051.2195 0.371466252 0.173269269
58051.2321 0.371388217 0.173316775
58051.2417 0.371328118 0.17335336
58051.2444 0.371311588 0.173363422
58051.2447 0.371309935 0.173364429
58051.2472 0.371294269 0.173373965
58051.2501 0.371276378 0.173384856
58051.8769 0.367434432 0.17572126
58051.8973 0.367310868 0.175796327
58051.9041 0.367270146 0.175821065
58051.979 0.36681819 0.176095588
58051.9807 0.366807938 0.176101815
58051.9824 0.366797686 0.176108041
58052.0123 0.366617312 0.176217584
58052.014 0.366607073 0.176223802
58052.0157 0.366596835 0.176230019
58052.0351 0.366480435 0.176300704
58052.0368 0.366470205 0.176306916
58052.0912 0.366143518 0.176505273
58052.0928 0.36613352 0.176511343
58052.0967 0.366110403 0.176525378
58052.0983 0.366100476 0.176531405
58052.1337 0.365888368 0.176660172
58052.1386 0.365859468 0.176677716
58052.1433 0.365831266 0.176694835
58052.185 0.365581425 0.176846487
58052.246 0.365217699 0.177067232
58052.2485 0.36520252 0.177076443
58052.2511 0.365187205 0.177085737
58052.2536 0.365172029 0.177094946
58052.287 0.364973578 0.177215364
58052.2906 0.364952088 0.177228404
58052.2942 0.364930601 0.177241441
58052.2957 0.364921442 0.177246998
58052.2994 0.36489934 0.177260409
58052.3004 0.364893832 0.17726375
58052.3091 0.364841862 0.177295282
58052.3097 0.364838489 0.177297328
58052.3128 0.364819634 0.177308768
58052.3166 0.364797615 0.177322127
58052.8209 0.36182959 0.179121464
58052.8331 0.361758748 0.179164378
58052.8453 0.361687873 0.179207309
58052.8929 0.361410973 0.179375022
58052.8958 0.361394235 0.179385159
58052.8967 0.361388656 0.179388538
58052.8996 0.36137192 0.179398673
58053.1304 0.360037752 0.180206397
58053.147 0.359942425 0.180264088
58053.1638 0.359845831 0.180322542
58053.2163 0.359544691 0.180504761
58053.2483 0.359361313 0.180615708
58053.2693 0.359240935 0.180688531
58053.2829 0.359163409 0.18073543
58053.2854 0.359148981 0.180744157
58053.2891 0.359127805 0.180756967
58053.2928 0.359106698 0.180769735
58053.3045 0.359039494 0.180810386
58053.3302 0.358892958 0.180899019
58053.3818 0.358598686 0.181076992
58053.7865 0.356311774 0.182459147
58053.8678 0.355857069 0.18273376
58053.8741 0.3558217 0.182755118
58053.875 0.355816657 0.182758163
58053.8768 0.355806507 0.182764292
58053.8856 0.355757579 0.182793836
58053.8874 0.355747434 0.182799963
58053.8893 0.35573716 0.182806166
58053.9071 0.355637819 0.182866149
58054.0456 0.354866788 0.183331596
58054.1903 0.354066371 0.183814578
58054.2015 0.354004641 0.183851818
58054.2081 0.353968266 0.183873762
58054.2192 0.35390728 0.183910551
58055.2886 0.348136202 0.187386433
58055.2973 0.348089843 0.18741431
58055.3033 0.348058295 0.187433281
58055.305 0.348049369 0.187438648
58055.3099 0.348023331 0.187454305
58055.312 0.34801233 0.18746092
58055.3167 0.347987581 0.187475802
58055.3284 0.347925515 0.187513121
58055.3351 0.347890463 0.187534197
58055.3373 0.347878863 0.187541172
58056.1692 0.343560269 0.19013471
58056.1746 0.343532896 0.190151129
58056.182 0.343495009 0.190173854
58056.1872 0.343468536 0.190189733
58056.2909 0.34294 0.190506706
58056.2946 0.342920992 0.190518103
58066.1043 0.301036882 0.215330366
58066.1249 0.300963227 0.21537345
58066.1476 0.300882099 0.215420902
58067.1613 0.297322505 0.217500548
58067.169 0.297295775 0.217516147
58067.1754 0.297273925 0.217528898
58068.0977 0.294138976 0.219356517
58068.1047 0.294115342 0.219370281
58068.1639 0.293917615 0.219485428
58068.1686 0.293901919 0.219494568
58068.1709 0.293893994 0.219499183
58068.1733 0.293886186 0.21950373
58069.1612 0.290639454 0.221392355
58069.1748 0.29059548 0.221417907
58069.1983 0.290519329 0.221462155
58072.306 0.280960969 0.226998801
58072.3093 0.280951413 0.227004319
58072.3125 0.280941891 0.227009817
58072.3158 0.280932302 0.227015354
58073.2075 0.278357738 0.228500697
58073.2107 0.278348476 0.228506036
58073.214 0.278339182 0.228511394
58073.2172 0.278329922 0.228516731
58074.1422 0.275733289 0.230012204
58074.1825 0.275621932 0.230076279
58078.0269 0.265579408 0.235835039
58078.0325 0.265565785 0.235842824
58078.0381 0.265551736 0.235850853
58078.0439 0.265537518 0.235858978
58078.0609 0.265495592 0.235882936
58078.0661 0.265482724 0.23589029
58078.0816 0.265444503 0.23591213
58078.1395 0.265302095 0.235993501
58078.1458 0.265286695 0.236002301
58078.152 0.265271297 0.236011098
58078.1583 0.265255903 0.236019894
58078.1645 0.26524051 0.236028688
58078.2057 0.265139379 0.236086468
58078.212 0.265124008 0.236095249
58078.2182 0.265108639 0.236104029
58078.2245 0.265093274 0.236112807
58078.2308 0.265077911 0.236121584
58079.2228 0.262678347 0.237491277
58079.2461 0.262622807 0.237522953
58079.2694 0.262567304 0.237554606
58079.2927 0.262511948 0.237586174
58079.3164 0.262455638 0.237618286
58079.5303 0.261948246 0.237907574
58079.5366 0.261933446 0.237916011
58079.5429 0.261918648 0.237924446
58079.5491 0.261903853 0.23793288
58079.5554 0.261889061 0.237941312
58080.0389 0.260754612 0.238587722
58080.0706 0.260680856 0.23862973
58080.2743 0.260207922 0.238899044
58080.2883 0.260175591 0.238917451
58080.3739 0.259977651 0.23903014
58099.0647 0.225872947 0.25820987
58099.0709 0.225863937 0.258214873
58099.0772 0.225854928 0.258219876
58099.0835 0.225845921 0.258224878
58099.0897 0.225836915 0.25822988
58120.3206 0.201289457 0.271733919
58120.3269 0.201283645 0.271737086
58120.3331 0.201277834 0.271740252
58120.3394 0.201272023 0.271743417
58120.3457 0.201266214 0.271746582
58120.4531 0.20116667 0.271800812
58120.4593 0.201160872 0.27180397
58120.4656 0.201155075 0.271807128
58120.4718 0.201149279 0.271810285
58120.4781 0.201143484 0.271813442
